6085,16561,6383,18318,15539,8653,12064,13200,7842,15074,8748,13768,6140,10442,7153,14405,6280,6390,7469,4576,4520,19017,18132,11637,16074,18334,18487,11900,15625,15424,17435,6438,10389,15165,5667,4537,
9558,10860,13918,7278,19617,9784,15530,9302,8531,13474,10630,5981,12874,9994,7047,12869,6368,17426,16390,4507,9258,18882,14171,15796,9049,19566,6081,10123,11448,9160,16864,14737,12611,7796,7249,10098,15829,19519,10099,13657,11556,
8516,18752,11264,19563,11922,16781,10213,16091,13362,8387,8035,10976,19324,10847,17985,16958,6707,9727,15324,7515,7267,13166,16551,19936,5196,6556,7062,11555,5595,10323,17818,17323,18588,15256,15737,15852,10520,7314,17930,6133,10446,17394,
6381,8119,5167,19082,15375,15427,6912,10741,10721,13138,15555,11592,7250,6568,5886,4869,9811,13430,13774,5235,8658,18533,12312,18003,18419,15387,12003,
15642,14862,11503,19015,5457,13503,16176,15219,11427,7635,8386,6381,11206,16743,7379,13086,6942,18785,16897,8268,6617,7519,9203,14312,17805,5686,10631,16584,17329,18075,17166,6328,9804,14566,10344,18186,18529,12558,4563,19109,
12404,17743,15870,13201,12734,13725,11731,19969,6825,12841,8985,6332,8809,4975,14370,18255,6887,16201,15456,11112,14557,5032,7425,9819,9877,12996,16501,
12647,11394,5125,8833,7725,5395,16642,18022,10336,6071,9377,7587,8152,8718,8675,8632,8658,5309,6570,12877,17577,7209,5149,18368,17585,11226,16678,6528,7027,5875,14871,
17598,6918,5211,8119,17123,6359,6229,15394,14586,18475,17886,11739,13880,14344,18775,5060,
19952,16562,6406,11340,7745,15092,15038,9186,14840,5090,18346,13575,19181,5694,11587,11673,11737,16807,12848,4676,12295,19915,14602,7459,4503,7302,9314,19565,14753,9942,11373,5519,16558,6912,16483,16019,9217,19351,12341,19360,13538,19684,7411,8189,8968,14139,19310,9914,9941,16113,15788,9368,16062,14666,18955,4959,7623,
4663,13981,8591,6404,14052,7146,6001,5118,13100,4720,18351,8450,10384,11493,5756,13331,13617,9882,7162,7833,5285,12530,13656,15503,6365,6264,6164,7760,7985,6707,11956,6894,5441,8043,19814,8141,6874,8252,16858,9434,
16984,18195,5523,18553,18969,7591,7959,13149,17773,6097,8321,10545,6697,5980,11348,5681,18581,16372,17903,19435,10408,10095,17413,16677,18132,12834,18325,5002,4948,18105,7065,
19720,8086,17788,12225,17416,9065,4532,12298,19315,19590,13404,5176,9045,10559,12417,7684,13057,13802,7009,12010,8884,11278,9382,18984,16136,11585,7035,18367,8231,9273,10316,9022,7728,19212,14877,16160,6658,12749,15841,16243,14553,17466,13344,12273,16363,6615,7423,11703,18991,11504,12777,10554,4553,10908,14875,
10721,4925,15602,6948,19828,9078,13723,14165,9920,5071,9494,17131,17819,10573,13271,6490,19633,5560,13111,18060,4960,7084,13967,12451,17181,
8305,12697,7124,7233,14866,9147,15214,11867,13153,4754,9173,18990,15386,11782,9977,13839,15311,17594,
6373,7452,9740,19140,8433,12259,10243,13233,6937,6355,11214,7233,8914,14576,19750,16698,15278,10594,7103,18958,16419,13881,15229,15050,11767,10810,9364,9755,4830,6971,7868,15602,4872,11243,15704,
6160,4547,4910,14138,11804,5249,18508,17237,16042,11226,11841,16329,18521,19591,15132,7247,9038,19787,17414,15290,11595,10064,5113,11978,7872,19275,8053,14263,14760,9736,18062,7978,13407,
14004,14751,19087,7113,18610,4559,16296,10828,6246,17380,19638,5873,8844,16810,16450,18348,18971,5972,14628,9817,9065,11053,19082,8471,17619,6640,7287,7934,9920,12821,13444,6429,15229,16552,12302,19743,6215,8489,16510,9438,15738,15647,17341,5541,14517,
9940,9859,16564,6705,6819,8081,6955,7746,19339,19601,17943,16380,16932,8929,13911,15972,16218,13470,10599,18745,14199,13143,11547,13316,15085,17139,9899,14257,15973,9898,19247,9416,17316,14753,7566,14263,8941,12001,11521,7970,5531,14834,15434,10331,5229,7454,8675,7784,19189,14529,5606,5793,8673,8737,8801,11683,14318,8426,
8882,8201,17085,17353,13841,10650,19729,16257,7343,14511,15390,18415,12338,11404,18128,4910,6611,11022,12067,13113,19713,10897,17037,8680,16323,19267,19031,18096,4999,18783,16583,14384,18264,10261,10721,5782,10401,19917,8459,7721,5323,9419,11173,5179,14443,4723,6966,11989,14390,8562,19450,14408,16276,10661,10830,6813,6347,17190,16483,19627,12305,8631,18224,
19330,16386,6714,18919,5809,14194,18013,5204,14280,12409,5159,10686,11208,9140,7315,12762,12570,4625,8326,17635,4977,18935,16534,15920,17354,19496,14279,13472,11905,13476,15048,14232,10117,10814,12306,13237,10887,4848,16961,18907,5700,10054,14601,13393,10284,
17847,5545,10529,19577,7661,5328,12572,13844,15216,19177,16474,13772,5772,6503,7295,9113,4657,10723,16789,5448,6865,5112,16875,18556,17111,16484,15857,14411,17721,16646,13058,12031,19512,17835,5100,18034,11099,9755,6943,10789,5851,8699,10275,17347,17802,12907,14289,15671,7278,5962,13499,17153,13163,6037,13270,14905,6118,
6135,11531,5081,17023,6547,19860,4906,16258,9587,13156,16726,12958,15987,18084,12446,6809,13349,10178,4872,7661,8237,18529,16197,13841,13216,13088,9535,14896,16682,14262,11842,7127,14813,15636,5837,4606,12147,19689,16731,5711,17251,12677,16264,4583,15538,8737,18256,14795,
17521,8090,6734,19056,4995,10652,9516,6354,10312,16481,6855,11537,9458,5188,18796,6630,9700,18672,10175,19226,5764,18491,18845,19199,6181,8068,9955,15589,11008,15133,14148,
9014,17339,19675,16726,6598,5932,18015,16796,12236,5296,13968,16325,8428,16836,15391,8469,13109,13005,12901,6842,13818,7707,9812,18576,11001,7959,12492,6508,17676,5778,10970,14453,8581,10585,6062,4529,6583,8741,14759,14928,7936,18998,10094,13612,
17121,5254,10803,19118,14197,14106,19643,18855,9306,19307,9016,7986,15381,12600,7016,7220,19079,12233,10217,8201,16477,8507,13856,19695,15780,7315,15963,
16312,9541,7611,6537,17930,14709,7900,15773,13164,4969,16350,13111,9943,11366,17022,10764,12687,18391,9728,17679,16599,
15413,16215,4730,10676,11531,5867,16971,12065,7949,19725,14585,19754,13089,9350,15387,8908,7322,18342,10839,16299,8541,8852,19339,12726,8379,7250,8760,12757,7298,5121,15385,8929,9020,13928,9495,5036,16220,19027,9667,6888,12527,6549,10932,17722,
12818,13408,4821,19746,17631,16840,18971,18462,15562,17743,12922,10057,7016,13555,5994,4998,7157,9317,10044,6315,12621,13857,
5493,6427,11990,14878,12434,11295,11201,7169,17604,10668,9389,16954,8927,10213,11189,12166,19864,9469,19353,15332,7686,9074,5870,7955,18395,6702,19891,16678,11708,10614,11623,12171,12720,14764,13647,7240,14909,8151,15693,6621,10344,8862,15202,9892,12966,18435,14830,18774,12476,14012,
18989,15332,8025,6840,18598,5272,11007,12703,13801,11998,19766,10330,17006,19799,7850,15979,19588,13991,13701,6055,14660,5381,9078,15768,15468,15168,17717,16658,7139,
15208,16901,17918,6651,6915,6416,7531,17751,18081,7128,18895,9202,12600,9126,16618,8677,7439,13916,6144,9213,6186,13351,8561,
12907,15784,4826,16574,5427,13594,15957,5932,12165,14115,12674,13215,4977,14044,17129,19983,6017,6082,5047,15359,5358,6817,18936,19420,4940,14806,17581,12982,11430,14774,15642,16511,19907,9341,18261,17988,6196,7680,19291,
14599,14677,11914,15055,9705,18503,6128,14299,10217,12732,15986,9062,10986,5722,7403,12056,9062,4870,17478,9230,10052,18176,15318,17546,17782,6117,10193,14269,14615,9573,16701,14661,12621,9421,13648,16763,13596,
5321,10315,6269,12447,4797,4707,16590,11386,5372,11266,7973,19671,9977,7608,11647,8009,7391,12456,7100,12164,13457,13947,10487,9598,13786,6060,17518,8602,5646,19903,19219,19367,12894,11715,19641,7345,12306,12350,16992,12419,6731,18579,
17770,11609,9278,9474,6692,11862,13528,4934,17907,19669,10495,17963,17153,8855,12965,17255,16258,14574,17272,18504,19736,13987,7189,5035,15783,10232,16462,15385,8023,12404,7289,11590,15892,18711,16314,16188,14940,12110,11036,7989,4943,9818,14693,13799,19963,13024,10257,4516,14164,10052,14119,6266,
13950,17604,17886,19722,18229,16716,11470,15750,15274,11511,6925,13473,12915,16843,17472,15978,10671,9619,17379,4726,17309,14815,14067,13320,14743,8584,19935,10513,5011,10471,8186,5902,8381,10012,10313,9723,17782,14054,10238,12342,14467,16592,17279,10228,17067,6898,17982,15123,16146,16986,8733,18527,
19475,19737,7761,19047,6210,18899,10766,17754,13229,15958,15997,12686,9772,6572,6744,8290,12901,16435,11273,12456,7062,7192,9199,18363,18081,9333,19954,10574,10761,8478,7353,7102,6852,7318,16093,6788,16723,17888,19054,13886,8718,6231,9202,8755,7474,11950,13675,9984,19264,19652,11426,6575,18735,12475,
12758,13835,10562,13905,11603,8805,9803,18794,14386,7141,6738,10889,15847,16850,6257,18226,6684,17942,15978,9326,16407,12659,5338,17601,8788,14127,
11290,12178,10135,10527,8690,12100,7263,9472,10064,6732,18002,6367,18591,15522,12453,19657,6597,17192,13329,13549,8053,15157,16629,9748,9782,9817,8280,8788,7111,6634,9863,12174,5335,12271,17841,6627,11444,12565,12564,10801,16625,19189,
10500,9901,10958,11755,17345,10857,12910,17896,18978,13407,17710,13067,15353,18150,15794,11127,15856,5935,7022,19294,7191,13643,15583,9626,
11639,9516,15023,6847,16323,18571,7913,17659,9868,14398,18929,6986,8165,13242,14451,13199,11947,14647,13928,18997,10516,14111,11231,8352,6299,7276,18610,10525,11546,7479,13755,16674,17754,18835,4629,6793,16208,14877,7245,13899,17733,19384,15450,11517,19322,11972,13262,9467,7829,19687,18433,
8629,6811,9882,19944,16483,9301,15000,18712,13466,18336,15624,7901,8527,8695,15475,9051,6094,14532,12327,4570,8247,12113,15805,18978,18163,10541,5913,
11032,19882,13228,13018,4548,13246,18459,6640,13682,5007,18090,7215,19545,6267,18796,4920,10281,14409,19811,18728,12193,14051,17680,18646,5905,7155,10332,7824,13743,9312,4882,5303,5724,8505,8477,15992,8375,10142,12356,10746,7035,4784,7109,8559,11789,7669,
17127,8690,6681,8529,10303,15894,18063,7657,6081,16633,4991,9629,14268,16893,6427,10791,15155,10671,11235,11706,10299,8983,5686,9248,12450,19785,10385,15814,11955,15349,9986,14343,14235,19770,14544,7223,7433,9209,8760,14881,19538,
11305,6701,10694,11653,7739,15873,12995,17754,9682,6259,12884,12407,18567,17036,18608,11615,6076,12110,18144,8752,13128,16423,15568,18879,16933,13329,9726,11498,6822,17267,16611,15273,9937,13323,7522,15626,12522,4525,16107,18177,14622,8642,9776,
11599,17665,9675,19111,4742,11745,6653,15186,19256,6121,9228,8162,4669,11553,10967,8062,10958,7088,8068,12917,7915,19537,14931,8886,11028,5294,6509,11536,7683,8797,13406,15601,6935,10054,
10127,5449,9957,12784,6490,7096,14471,6284,5261,7745,10230,5948,7734,14146,19618,7034,12812,11162,16723,4874,5388,4726,17408,9157,11137,8516,5391,6050,6709,11859,8591,17862,14569,11277,6680,11948,12166,11499,
16884,9885,7239,18756,19215,6171,15598,12748,18807,5876,4627,14140,8996,12059,10308,8858,12656,15740,10269,8194,15813,8826,10788,
18073,10121,7574,15847,5780,4524,11279,19542,10419,14918,7322,8616,14042,5827,14607,7699,18141,7373,8769,10165,9764,9363,16657,19272,10152,18922,10451,19717,18639,16123,6984,15947,7548,16867,14116,15624,7270,9018,10767,18482,14790,11099,15519,10551,5121,8423,5584,5643,14998,10662,10715,8245,6538,4570,
11400,11322,12149,6415,19164,5722,15077,10749,12803,17065,17006,8119,12784,6379,10887,17661,17227,8558,15016,16271,6787,16493,10998,5955,10881,16684,12783,12845,14797,8942,18408,14736,13593,4789,4837,18515,14336,5546,12429,19313,5741,14374,14932,9339,14007,18675,14605,17665,9508,12509,15510,17455,8528,13034,15618,8245,8836,14662,10560,18442,14538,10487,12774,
5278,12984,11506,13220,7861,4602,7399,8823,7901,6979,15354,5825,7512,16995,12828,8662,15493,16358,18690,14877,11065,6378,6310,11115,4724,7951,17113,12020,15161,11510,14030,16550,16893,11575,15829,15874,15919,18752,9976,9819,4519,6473,19210,10881,19664,6031,11101,14004,16907,13562,14294,15026,15898,4543,7187,6526,
14387,6256,13846,6005,11715,10404,11275,5728,11473,8762,17363,8820,7750,18445,5742,
12282,11456,12974,16667,7479,8255,15922,5098,13581,9561,13620,17679,11935,9174,6413,10395,4582,13391,8029,14605,13409,9724,13110,11206,12814,18518,
13397,6243,6030,18655,5695,15134,14599,8817,13534,16224,9070,13648,19298,9880,15545,8533,18842,7568,11834,11168,7258,7171,9405,15819,13492,19327,5614,7090,5263,5440,6277,7115,11481,15848,13352,12467,13747,17120,15326,19023,18137,9090,13614,13384,6188,8301,11227,8955,13273,14478,6671,12493,16103,12185,
13358,10715,16841,16294,6137,18940,18944,19831,18333,14868,7257,13622,14491,5952,19152,6678,16969,7805,17802,
12549,9130,7765,14561,12906,16681,16480,5784,19728,16440,18343,13484,6297,14335,14615,7254,9173,6338,9325,8890,14244,19598,16277,11053,18222,16017,13812,8298,7810,6383,16832,16675,17070,15033,15912,7111,7844,15147,5911,17447,6426,7607,6545,11671,9969,11182,14591,15972,6795,17577,
11263,11131,5529,19183,11927,19567,14264,6131,19498,13315,12969,10797,6652,17063,16628,4719,12102,11510,14638,16305,17973,10376,7616,4856,8880,4745,12863,12524,5376,15909,
19260,18883,8637,6010,13855,18318,17419,9171,8064,7533,12942,14322,11904,9487,12211,14935,15712,16999,17109,18482,5570,19684,16912,15065,13219,16298,17359,10060,13567,4875,4624,11915,17410,15528,7415,16290,12217,10044,14443,12198,19172,10500,18374,6826,11550,16275,11325,7810,12013,12999,
16953,12322,8292,12675,6778,8393,11225,14151,17098,13913,12427,8991,5556,13406,19481,5152,14721,15638,11683,5358,9492,13627,14146,9584,5023,11701,4999,6259,12886,18002,19662,9892,
15946,18114,17484,14939,15071,7913,10792,19968,19381,14019,9067,19466,5442,13718,6787,6448,6109,10681,16479,10893,5308,10111,8121,6132,4742,5345,11267,16228,13115,17213,11900,
7228,10959,17059,5921,11033,8485,17467,12903,8691,15318,17323,9137,13870,10164,19576,6388,13888,7729,5421,13158,14969,11965,9437,9787,10137,14909,13988,15272,13220,
14536,11306,13150,9625,5529,16674,13745,5238,4557,6359,19989,5808,16399,5998,10953,17166,8702,6471,7764,17084,19781,15714,9454,5895,6303,5695,19961,19336,19667,13744,6339,9317,11267,13218,5229,8537,10533,15937,8453,10262,6833,13177,7383,7016,17451,9392,19900,19038,6107,11004,13775,6290,13718,6740,5407,5051,14623,17458,5584,15404,8663,
7801,16855,10980,14598,15539,7557,17333,11689,12199,9162,15891,19516,9074,17734,14275,16107,7401,11259,18801,16507,19182,19518,17011,18945,11644,6267,14295,5010,10951,5234,14898,15615,16333,9394,15551,14786,9758,4730,14299,9853,15961,11749,10793,17552,8312,15054,19116,9572,
14450,9760,4577,5220,16161,8507,11193,11075,12399,9141,16359,19476,14910,4956,8314,5333,5316,17417,7648,15286,15034,4926,5360,7682,8907,15483,18316,16557,6918,7698,17193,17827,7701,11724,15748,9126,13285,10131,17017,14853,18356,19502,14101,10642,
7984,18247,4551,13286,18826,17140,16143,13096,7349,7417,7485,9605,13950,13414,14829,16244,7978,13700,14053,15754,15764,10607,14609,13303,10345,10277,10239,19372,10340,14081,15046,17094,10100,10529,7424,9989,18778,11690,16050,14563,
7445,18449,10377,6048,9953,12288,17270,9115,11362,11536,9193,9345,13782,18219,5532,12778,14159,10668,16706,14197,10479,6761,4950,7194,5416,5087,9581,14017,11311,11468,15321,17118,13450,12935,4957,18393,12790,13294,13799,15289,9256,19967,17687,13414,7306,13947,5464,8770,4766,17993,19066,17716,16027,
13946,11567,4584,7945,6562,18922,10782,13834,4833,13967,17450,18620,9193,12180,12051,11922,13640,17227,17527,5557,19041,19661,12173,4685,17929,17088,12763,6653,12419,9862,4530,9001,14666,11887,13916,11918,18077,7517,18794,15625,13274,8956,8270,17225,18863,14511,4746,12200,7751,10385,13793,12012,15072,17700,18211,
4905,17620,10910,15070,12865,14936,6265,18186,19030,9590,7481,5373,6742,19790,15769,7637,9289,16332,13444,13879,14315,14218,14122,9570,6234,11088,18166,17612,4608,12760,12766,16842,8968,7125,
18674,12202,7614,11538,7856,9615,7840,9367,4859,18182,6344,8255,9172,7432,6116,10596,8772,8593,15863,18745,15147,15025,8033,5236,6068,5066,6802,8683,14716,16790,17932,7699,5689,11404,15767,11148,17109,11281,10895,9022,16434,7871,8275,5713,11189,19825,8614,10070,7910,9526,8706,13421,
15344,8953,7565,14491,5070,8665,19855,11012,19696,14667,16267,12086,7192,10288,13384,7973,9943,11914,5309,12971,17211,7001,10318,9710,11760,7952,9018,10085,7535,4985,19446,9159,12326,17371,4770,12242,15204,9015,9359,
13696,13077,12880,5300,16845,9034,11812,16329,17216,12381,7546,19307,13083,10309,7535,16977,11461,18680,11177,16705,16352,15999,12533,14848,9201,8376,13198,5346,9643,12258,13249,
19697,12735,4532,15047,11508,13518,18682,13384,16380,17087,12470,14395,16699,11532,12820,8222,7371,6578,4707,15588,17638,6457,8540,9757,13008,16260,16200,12000,9546,7237,5750,9741,10955,12169,15973,10518,10676,7829,17857,7462,4753,8373,10449,15003,9545,19561,9916,16879,19695,19122,4760,19553,12959,14901,
9767,15854,7304,19319,7158,13916,14226,13917,14819,11478,4522,5716,8771,11055,4974,18677,15626,12030,7119,5937,18464,6980,6555,8014,6702,12375,8822,5269,11806,9913,19757,12678,5258,8718,11052,7594,12604,9939,7275,8282,7915,17695,15604,10743,
13489,12840,7476,9595,14695,15809,6017,14481,10507,15946,9138,7194,17226,9697,17649,16897,9097,5035,14867,14295,17831,12441,10082,15010,12443,16664,9036,5449,
10728,16558,6962,11036,9695,18701,10024,14132,9427,8587,15212,13038,17184,8251,12338,13145,16409,15204,18272,16198,17885,7038,19406,11509,10450,17593,7861,4721,6051,
5341,6407,8542,11298,14814,8542,17132,17925,15447,19694,19742,16552,17295,17269,15083,5781,18683,12437,19685,10611,19463,7379,10999,6737,11023,17658,16025,4915,9590,6848,9686,7942,10942,5535,8503,7866,17567,19429,14054,17098,6090,10817,9045,12109,18472,18591,16396,10728,
14694,4803,19206,10610,13570,12752,5205,13381,6844,14802,16909,19017,16834,11999,13360,13862,7136,16017,8288,7175,18657,7248,7014,6780,19684,16445,17802,12485,7169,15175,8338,19882,14321,8760,16638,5921,5793,11138,17567,11064,4789,12433,19740,10921,13921,16922,19628,16272,13987,11703,8979,
14527,14304,7331,10686,15434,17855,17949,5163,9277,14673,5144,10477,10207,18616,6500,9216,11087,19753,12182,7321,16783,9486,19212,17721,
17248,16269,19311,14996,15314,19677,8101,5240,8746,14495,4800,11537,18275,18045,7443,11591,12518,13445,11897,12088,7530,18309,8962,7459,16344,10964,5584,7114,13271,7550,4743,9240,16714,14166,11725,6652,11263,9551,16263,8354,
16268,11788,9598,9833,4509,7851,19663,6399,19305,14368,9431,14834,10868,17631,7032,12941,15101,15572,7854,18072,5882,5312,4742,12357,19972,10902,9197,14636,5293,7051,14304,18429,10037,19613,16251,11862,15444,5257,7059,16066,13545,5933,7787,9642,6579,19125,14043,9304,16970,4659,17480,17571,14533,12168,5241,11760,6292,10067,8991,
8073,16894,7170,14931,4834,18822,5743,14388,10632,15798,15988,16179,17190,6831,10984,6825,7024,15662,8104,5274,14165,12126,11738,11351,7910,15467,17726,5262,15371,6052,11511,13632,16137,14989,19234,5700,5142,5255,10671,8270,8847,9427,
5127,4622,12076,13578,18288,16513,7145,9618,6468,11743,17473,4773,12821,6125,6812,11781,16751,16729,16313,15898,13457,14324,6684,6933,11852,5453,8561,11145,15436,15054,
17854,10905,19046,16876,16008,19666,16136,12343,6768,9283,7279,11572,10108,5643,4835,5980,11157,11287,11417,12151,6243,16813,9859,9444,18556,6495,8578,6023,9506,8369,12138,16306,11670,12215,18477,9072,11031,11972,11335,8780,15118,18263,13233,19062,17994,9318,10318,7687,18476,18860,12493,15034,17131,16457,15784,16603,5904,16501,4918,17320,12468,
15185,17307,15520,6126,19448,7406,9268,6701,12324,19435,15163,14791,9734,10066,8252,8151,7799,13283,13339,16853,
