81691899
-175346216
-90170327
-42993726
255348223
46794686
-17965310
51303427
-236141619
-31799427
-39739111
-28601432
-107570191
-18591511
431831658
279454598
131896342
196724133
190333043
69986173
120908053
-80564389
-57789889
283435167
-77846583
-272244788
-124268281
83090610
165040934
-10183432
176750376
-95879028
427782613
-212825082
4744410
-55489705
82347719
-95728039
-204713299
-38770152
-66686256
514403571
91597206
139644631
53186947
-139744469
66724550
-267273592
267793136
-257021480
-50579808
-137653709
-284931229
144782638
96189331
-163835910
